1. 31223868
2. 567963708
3. 567832636
4. 30830652
5. 2707829293
6. 835874876
7. 836137020
8. 4056772668
9. 298610748
10. 835350588
11. 835612732
12. 298217532
13. 834957372
14. 1103261756
15. 2976133677
16. 834564156
17. 1371303996
18. 1639608380
19. 1908305980
20. 1370910780
21. 2176086076
22. 2444390460
23. 2444259388
24. 1370386492
25. 2443997244
26. 3249172540
27. 3517476924
28. 2712039484
29. 2980343868
30. 27160636
31. 2443210812
32. 1369075772
33. 295202876
34. 1368813628
35. 1368682556
36. 294809660